
4
9
11
15
15
20
21
22
22
24
25
26
28
31
31
33
35
35
40
43
45
46
47
48
49
50
54
56
57
57
60
70
72
74
77
81
82
83
85
87
91
91
96
96
98
100
100
100
104
105
106
107
108
110
111
111
116
118
121
129
132
134
139
142
142
142
146
149
151
151
153
156
156
157
157
157
158
160
162
162
163
163
164
165
167
168
171
174
174
177
178
181
182
183
183
184
184
184
186
186
187
193
194
196
198
204
209
213
214
215
215
216
216
216
218
218
218
219
219
220
223
223
226
227
228
228
228
236
237
238
240
241
241
241
247
251
257
258
260
261
261
264
266
267
270
272
272
272
274
278
286
286
292
292
299
303
305
307
316
319
321
324
326
331
332
334
338
338
339
341
342
343
350
351
352
353
354
355
359
364
364
365
366
369
370
371
371
373
375
376
376
378
379
379
381
381
384
384
385
386
386
388
389
390
391
400
401
402
402
402
405
408
409
409
411
411
412
412
413
420
420
420
421
423
423
424
425
425
427
429
429
429
432
432
433
434
434
436
437
438
438
439
439
440
442
443
444
444
446
447
448
450
453
453
454
456
466
468
469
470
472
475
477
480
481
481
483
486
488
488
488
491
494
496
496
500
500
503
507
508
508
508
511
512
514
516
517
523
523
524
529
530
532
532
533
534
534
535
543
544
544
548
554
554
555
555
556
561
566
568
571
574
578
578
578
578
579
582
583
587
588
589
591
591
592
594
596
596
601
607
608
612
618
619
622
622
623
625
626
627
628
629
633
633
634
634
634
636
640
641
643
644
650
652
659
666
667
668
669
672
680
680
682
687
690
694
696
698
699
706
706
707
715
716
719
722
722
727
727
728
729
731
732
733
735
736
738
740
744
745
746
749
750
757
758
759
760
767
767
767
768
769
775
776
779
782
783
784
786
786
790
793
801
804
804
804
805
806
808
809
811
813
814
814
815
816
822
822
830
839
839
840
840
843
846
849
849
852
853
855
857
858
863
863
865
865
866
873
876
880
880
887
890
894
895
896
896
899
900
901
903
903
904
904
908
909
911
912
916
920
921
921
930
931
932
933
940
948
950
954
955
960
962
964
965
971
973
974
976
979
982
983
984
989
991
993
994
995
999
1000